# Thu 14:39:44 31-Jan-2019
begin	identify temp_VPH850_SO58_1_0[50,*]
	id	temp_VPH850_SO58_1_0
	task	identify
	image	temp_VPH850_SO58_1_0[50,*]
	units	Angstroms
	features	31
	        213.33 10470.0535 10470.0535   4.0 1 1 ArI
	        790.70 9784.46694  9784.5028   4.0 1 1 ArI
	        896.90 9657.83263  9657.7863   4.0 1 1 ArI
	       1151.06  9354.2945  9354.2198   4.0 1 1 ArI
	       1259.71 9224.40929  9224.4992   4.0 1 1 ArI
	       1344.58 9122.92988  9122.9674   4.0 1 1 ThI
	       1725.19 8668.02385  8667.9442   4.0 1 1 ArI
	       1848.02  8521.4289  8521.4422   4.0 1 1 ArI
	       1929.12  8424.7256  8424.6475   4.0 1 1 ArI
	       1942.98 8408.20679  8408.2096   4.0 1 1 ArI
	       2063.78 8264.33936  8264.5225   4.0 1 1 ArI
	       2189.00 8115.43123   8115.311   4.0 1 1 ArI
	       2198.92 8103.64532  8103.6931   4.0 1 1 
	       2273.85  8014.6757  8014.7857   4.0 1 1 
	       2280.96 8006.23864  8006.1567   4.0 1 1 
	       2329.91 7948.17744  7948.1764   4.0 1 1 ArI
	       2519.07 7724.25286  7724.2072   4.0 1 1 ArI
	       2594.48  7635.1998   7635.106   4.0 1 1 ArI
	       2696.79 7514.60671  7514.6518   4.0 1 1 
	       2705.92 7503.85881  7503.8691   4.0 1 1 
	       2807.91  7383.9598  7383.9805   4.0 1 1 ArI
	       2902.63 7272.89717  7272.9359   4.0 1 1 ArI
	       3078.80 7067.16432  7067.2181   4.0 1 1 ArI
	       3166.23 6965.50706  6965.4307   4.0 1 1 ArI
	       3213.03 6911.21788  6911.2264   4.0 1 1 ThI
	       3247.58   6871.211  6871.2891   4.0 1 1 
	       3428.61 6662.45053  6662.2686   4.0 1 1 
	       3543.12 6531.23791  6531.3418   4.0 1 1 ThI
	       3607.90 6457.32879  6457.2824   4.0 1 1 
	       3708.71 6342.78577  6342.8594   4.0 1 1 ThI
	       3850.58 6182.64858  6182.6217   4.0 1 1 
	function spline3
	order 5
	sample *
	naverage 1
	niterate 0
	low_reject 3.
	high_reject 3.
	grow 0.
	coefficients	12
		3.
		5.
		1.
		4168.999999999999
		1949.840453301876
		1787.164502353304
		1622.277454023041
		1455.863341009999
		1290.356284130861
		1127.377205394518
		969.8758054633579
		821.3031192290877
