# Fri 10:05:23 01-Feb-2019
begin	identify temp_300R_L600_1_0[50,*]
	id	temp_300R_L600_1_0
	task	identify
	image	temp_300R_L600_1_0[50,*]
	units	Angstroms
	features	34
	        129.33 5343.61573  5343.5812   4.0 1 1 
	        260.11 5258.47836  5258.3602   4.0 1 1 
	        302.18 5231.05021  5231.1597   4.0 1 1 
	        351.55 5198.84394  5199.1637   4.0 1 1 
	        413.24 5158.56972  5158.6041   4.0 1 1 
	        479.23 5115.44969  5115.0448   4.0 1 1 
	        587.33 5044.73318  5044.7195   4.0 1 1 
	        595.61 5039.31079  5039.2303   4.0 1 1 
	        611.78 5028.72696  5028.6556   4.0 1 1 
	        652.63 5001.97162  5002.0972   4.0 1 1 
	        709.08 4964.98347  4965.0795   4.0 1 1 
	        777.84 4919.90367  4919.8157   4.0 1 1 
	        816.08 4894.82479  4894.9551   4.0 1 1 
	        898.47 4840.76575  4840.8492   4.0 1 1 
	        993.62 4778.30215   4778.294   4.0 1 1 
	       1013.97 4764.94117  4764.8646   4.0 1 1 
	       1058.15 4735.93412  4735.9058   4.0 1 1 
	       1071.95 4726.87293  4726.8683   4.0 1 1 
	       1106.98  4703.8645  4703.9898   4.0 1 1 
	       1152.99 4673.65517  4673.6609   4.0 1 1 
	       1176.96 4657.91792  4657.9012   4.0 1 1 
	       1250.60  4609.5686  4609.5673   4.0 1 1 
	       1296.60 4579.37099  4579.3495   4.0 1 1 
	       1348.85 4545.08776  4545.0519   4.0 1 1 
	       1427.77 4493.32038  4493.3337   4.0 1 1 
	       1445.20 4481.89688  4481.8107   4.0 1 1 
	       1530.47 4426.02355  4426.0011   4.0 1 1 
	       1649.61 4348.06851   4348.064   4.0 1 1 
	       1940.59 4158.47172  4158.5905   4.0 1 1 
	       2156.08 4019.08436  4019.1289   4.0 1 1 
	       2382.36  3874.0387  3873.8224   4.0 1 1 
	       2454.28 3828.27762  3828.3846   4.0 1 1 
	       2494.01 3803.07793   3803.075   4.0 1 1 
	       2626.62 3719.41188  3719.4347   4.0 1 1 
	function chebyshev
	order 5
	sample *
	naverage 1
	niterate 0
	low_reject 3.
	high_reject 3.
	grow 0.
	coefficients	9
		1.
		5.
		129.3251953125
		2626.615966796875
		4528.577782466273
		-813.8394573091636
		2.765897188468433
		1.737531727197639
		0.1701213809227598
