# Tue 17:46:21 05-Feb-2019
begin	identify FCSA-0023455.ch12[100,*]
	id	FCSA-0023455.ch12
	task	identify
	image	FCSA-0023455.ch12[100,*]
	units	Angstroms
	features	35
	        124.85   5343.641  5343.5812   4.0 1 1 
	        339.15 5258.33989  5258.3602   4.0 1 1 
	        407.46 5231.15757  5231.1597   4.0 1 1 
	        488.09 5199.08686  5199.1637   4.0 1 1 
	        590.02 5158.56911  5158.6041   4.0 1 1 
	        699.68 5115.01317  5115.0448   4.0 1 1 
	        818.43 5067.90655  5067.9737   4.0 1 1 
	        876.89 5044.74539  5044.7195   4.0 1 1 
	        890.63 5039.30212  5039.2303   4.0 1 1 
	        917.37 5028.71697  5028.6556   4.0 1 1 
	        984.67 5002.09117  5002.0972   4.0 1 1 
	       1078.33 4965.08445  4965.0795   4.0 1 1 
	       1192.82 4919.94042  4919.8157   4.0 1 1 
	       1256.33  4894.9431  4894.9551   4.0 1 1 
	       1294.83 4879.80706  4879.8635   4.0 1 1 
	       1394.12 4840.83797  4840.8492   4.0 1 1 
	       1553.99 4778.30724   4778.294   4.0 1 1 
	       1588.47 4764.85851  4764.8646   4.0 1 1 
	       1662.87 4735.88824  4735.9058   4.0 1 1 
	       1686.07 4726.86868  4726.8683   4.0 1 1 
	       1745.03  4703.9772  4703.9898   4.0 1 1 
	       1823.33 4673.65131  4673.6609   4.0 1 1 
	       1864.05 4657.91268  4657.9012   4.0 1 1 
	       1989.54 4609.56479  4609.5673   4.0 1 1 
	       2068.30 4579.34542  4579.3495   4.0 1 1 
	       2157.97 4545.06345  4545.0519   4.0 1 1 
	       2294.04 4493.30882  4493.3337   4.0 1 1 
	       2324.35 4481.82735  4481.8107   4.0 1 1 
	       2472.45 4425.97714  4426.0011   4.0 1 1 
	       2681.08 4348.06853   4348.064   4.0 1 1 
	       2946.55 4250.35736  4250.3146   4.0 1 1 
	       3200.54 4158.52961  4158.5905   4.0 1 1 
	       3596.12 4019.16112  4019.1289   4.0 1 1 
	       4024.71 3873.87084  3873.8224   4.0 1 1 
	       4163.19 3828.33866  3828.3846   4.0 1 1 
	function chebyshev
	order 5
	sample *
	naverage 1
	niterate 0
	low_reject 3.
	high_reject 3.
	grow 0.
	coefficients	9
		1.
		5.
		124.84521484375
		4163.19384765625
		4568.102266037476
		-760.9618187346947
		17.80107407982459
		3.310644165966049
		0.08648963417420043

