# Thu 10:29:07 23-May-2019
begin	identify temp_VPH520_NONE_1_0[50,*]
	id	temp_VPH520_NONE_1_0
	task	identify
	image	temp_VPH520_NONE_1_0[50,*]
	units	Angstroms
	features	34
	         19.62 6169.81404  6169.8221   4.0 1 1 
	        342.78 6037.75086  6037.6975   4.0 1 1 
	        383.67 6021.01637  6021.0357   4.0 1 1 
	        449.40  5994.1089  5994.1287   4.0 1 1 
	       1019.90 5760.56455  5760.5508   4.0 1 1 
	       1118.87 5720.12078  5720.1828   4.0 1 1 
	       1445.36 5587.04287  5587.0263   4.0 1 1 
	       1540.98 5548.19392  5548.1758   4.0 1 1 
	       1661.59 5499.29131  5499.2554   4.0 1 1 
	       2047.82 5343.58656  5343.5812   4.0 1 1 
	       2260.95 5258.36789  5258.3602   4.0 1 1 
	       2329.31 5231.15737  5231.1597   4.0 1 1 
	       2410.10 5199.08196  5199.1637   4.0 1 1 
	       2512.42  5158.5939  5158.6041   4.0 1 1 
	       2743.07  5067.9233  5067.9737   4.0 1 1 
	       2802.38 5044.75105  5044.7195   4.0 1 1 
	       2816.40 5039.28245  5039.2303   4.0 1 1 
	       2843.55 5028.70106  5028.6556   4.0 1 1 
	       2911.98 5002.09468  5002.0972   4.0 1 1 
	       3007.55 4965.07965  4965.0795   4.0 1 1 
	       3124.88 4919.87817  4919.8157   4.0 1 1 
	       3189.93 4894.93678  4894.9551   4.0 1 1 
	       3229.49 4879.81167  4879.8635   4.0 1 1 
	       3331.91 4840.80864  4840.8492   4.0 1 1 
	       3497.34 4778.30558   4778.294   4.0 1 1 
	       3533.15  4764.8597  4764.8646   4.0 1 1 
	       3610.52 4735.91469  4735.9058   4.0 1 1 
	       3634.77 4726.87278  4726.8683   4.0 1 1 
	       3696.35  4703.9782  4703.9898   4.0 1 1 
	       3778.28 4673.66832  4673.6609   4.0 1 1 
	       3821.05 4657.91545  4657.9012   4.0 1 1 
	       3953.16 4609.56895  4609.5673   4.0 1 1 
	       4036.42 4579.34852  4579.3495   4.0 1 1 
	       4131.60 4545.04568  4545.0519   4.0 1 1 
	function spline3
	order 4
	sample *
	naverage 1
	niterate 0
	low_reject 3.
	high_reject 3.
	grow 0.
	coefficients	11
		3.
		4.
		1.
		4168.999999999999
		1100.068774809051
		1029.733144821127
		958.4070449888425
		887.7600828400032
		819.2334334013688
		754.3701380738409
		694.9256773535793

