# Mon 11:01:28 11-Mar-2019
begin	identify temp_300R_SO58_1_0[50,*]
	id	temp_300R_SO58_1_0
	task	identify
	image	temp_300R_SO58_1_0[50,*]
	units	Angstroms
	features	34
	        158.62 10470.0441 10470.0535   4.0 1 1 ArI
	        671.13 9784.52429  9784.5028   4.0 1 1 ArI
	        765.01 9657.88077  9657.7863   4.0 1 1 ArI
	        989.34 9354.21326  9354.2198   4.0 1 1 ArI
	       1084.95 9224.39268  9224.4992   4.0 1 1 ArI
	       1159.68 9122.77766  9122.9674   4.0 1 1 ThI
	       1493.14 8668.05024  8667.9442   4.0 1 1 ArI
	       1600.39 8521.43699  8521.4422   4.0 1 1 ArI
	       1671.06 8424.75863  8424.6475   4.0 1 1 ArI
	       1683.03 8408.37855  8408.2096   4.0 1 1 ArI
	       1788.05  8264.6163  8264.5225   4.0 1 1 ArI
	       1897.01 8115.38862   8115.311   4.0 1 1 ArI
	       1905.64 8103.56716  8103.6931   4.0 1 1 
	       1970.39 8014.86009  8014.7857   4.0 1 1 
	       1976.85 8006.01618  8006.1567   4.0 1 1 
	       2018.99 7948.28539  7948.1764   4.0 1 1 ArI
	       2182.77 7723.93616  7724.2072   4.0 1 1 ArI
	       2247.78 7634.91623   7635.106   4.0 1 1 ArI
	       2335.73 7514.53601  7514.6518   4.0 1 1 
	       2343.64 7503.71293  7503.8691   4.0 1 1 
	       2431.04 7384.17398  7383.9805   4.0 1 1 ArI
	       2512.41 7272.97662  7272.9359   4.0 1 1 ArI
	       2663.02 7067.46547  7067.2181   4.0 1 1 ArI
	       2737.91 6965.45683  6965.4307   4.0 1 1 ArI
	       2777.90 6911.04281  6911.2264   4.0 1 1 ThI
	       2806.94 6871.55502  6871.2891   4.0 1 1 
	       2960.96 6662.53873  6662.2686   4.0 1 1 
	       3041.27 6553.86201  6554.1603   4.0 1 1 
	       3057.86 6531.44125  6531.3418   4.0 1 1 ThI
	       3112.65 6457.46922  6457.2824   4.0 1 1 
	       3198.29 6342.08802  6342.8594   4.0 1 1 ThI
	       3316.80 6182.94693  6182.6217   4.0 1 1 
	       3633.58 5760.98079  5760.5508   4.0 1 1 ThI
	       3664.71 5719.81059  5720.1828   4.0 1 1 ThI
	function chebyshev
	order 7
	sample *
	naverage 1
	niterate 0
	low_reject 3.
	high_reject 3.
	grow 0.
	coefficients	11
		1.
		7.
		158.62
		3664.710000000001
		8094.728011480416
		-2381.801991994784
		-0.1412909255992416
		6.62696447082766
		0.3926239138138245
		0.05828003514235052
		-0.05200273861453295

