# Mon 20:12:44 01-Jul-2019
begin	identify temp_VPH850_SO58_1_1[50,*]
	id	temp_VPH850_SO58_1_1
	task	identify
	image	temp_VPH850_SO58_1_1[50,*]
	units	Angstroms
	features	13
	        200.69 10469.9095 10470.0535   4.0 1 1 ArI
	        777.99  9784.6802  9784.5028   4.0 1 1 ArI
	       1138.28 9354.50168  9354.2198   4.0 1 1 ArI
	       1712.78 8667.58284  8667.9442   4.0 1 1 ArI
	       2890.02  7272.6379  7272.9359   4.0 1 1 ArI
	       2997.60 7146.98355  7147.0415   4.0 1 1 
	       3200.37 6911.32604  6911.2264   4.0 1 1 ThI
	       3234.95 6871.29285  6871.2891   4.0 1 1 
	       3416.07 6662.50703  6662.2686   4.0 1 1 
	       3530.24 6531.66004  6531.3418   4.0 1 1 ThI
	       3595.08 6457.62858  6457.2824   4.0 1 1 
	       3696.16 6342.65336  6342.8594   4.0 1 1 ThI
	       3837.99 6182.22357  6182.6217   4.0 1 1 
	function spline3
	order 1
	sample *
	naverage 1
	niterate 0
	low_reject 3.
	high_reject 3.
	grow 0.
	coefficients	8
		3.
		1.
		1.
		4168.999999999999
		2570.451062741048
		1799.112193007796
		938.1962004821343
		260.4035633944607

