# Mon 17:08:58 04-Feb-2019
begin	identify temp_300B_NONE_1_1[50,*]
	id	temp_300B_NONE_1_1
	task	identify
	image	temp_300B_NONE_1_1[50,*]
	units	Angstroms
	features	10
	       1319.77 6911.05207  6911.2264   4.0 1 1 ThI
	       1496.67 6662.55376  6662.2686   4.0 1 1 
	       1589.97 6531.42865  6531.3418   4.0 1 1 ThI
	       1724.26 6342.71531  6342.8594   4.0 1 1 ThI
	       1838.23 6182.67175  6182.6217   4.0 1 1 
	       2139.69 5760.45669  5760.5508   4.0 1 1 ThI
	       2168.74 5719.88382  5720.1828   4.0 1 1 ThI
	       2264.05   5586.999  5587.0263   4.0 1 1 
	       2438.94 5344.04084  5343.5812   4.0 1 1 ThI
	       2713.95  4964.9366  4965.0795   4.0 1 1 
	function chebyshev
	order 4
	sample *
	naverage 1
	niterate 0
	low_reject 3.
	high_reject 3.
	grow 0.
	coefficients	8
		1.
		4.
		1319.770874023438
		2713.9482421875
		5935.117975303372
		-973.7997663604302
		2.876361210913226
		0.7420281110662244

# Mon 17:48:28 04-Feb-2019
begin	identify temp_300B_NONE_1_1[50,*]
	id	temp_300B_NONE_1_1
	task	identify
	image	temp_300B_NONE_1_1[50,*]
	units	Angstroms
	features	33
	       1319.77  6911.2566  6911.2264   4.0 1 1 ThI
	       1496.67 6662.41017  6662.2686   4.0 1 1 
	       1589.97 6531.25574  6531.3418   4.0 1 1 ThI
	       1724.26 6342.60901  6342.8594   4.0 1 1 ThI
	       1838.23 6182.65592  6182.6217   4.0 1 1 
	       2139.69 5760.57727  5760.5508   4.0 1 1 ThI
	       2168.74 5720.01105  5720.1828   4.0 1 1 ThI
	       2264.05 5587.09783  5587.0263   4.0 1 1 
	       2438.94 5344.05141  5343.5812   4.0 1 1 
	       2500.74 5258.47589  5258.3602   4.0 1 1 
	       2520.41 5231.28558  5231.1597   4.0 1 1 
	       2686.87 5002.04783  5002.0972   4.0 1 1 
	       2713.95 4964.92514  4965.0795   4.0 1 1 
	       2746.73 4920.04922  4919.8157   4.0 1 1 
	       2776.28 4879.67407  4879.8635   4.0 1 1 
	       2850.83  4778.0954   4778.294   4.0 1 1 
	       2860.61 4764.80728  4764.8646   4.0 1 1 
	       2905.55 4703.84718  4703.9898   4.0 1 1 
	       2927.85 4673.65334  4673.6609   4.0 1 1 
	       2939.56 4657.82351  4657.9012   4.0 1 1 
	       2975.30  4609.5904  4609.5673   4.0 1 1 
	       2997.81 4579.26845  4579.3495   4.0 1 1 
	       3023.20 4545.14354  4545.0519   4.0 1 1 
	       3061.97 4493.14821  4493.3337   4.0 1 1 
	       3070.39 4481.87532  4481.8107   4.0 1 1 
	       3170.95 4347.91238   4348.064   4.0 1 1 
	       3314.73 4158.57581  4158.5905   4.0 1 1 
	       3421.79 4019.50326  4019.1289   4.0 1 1 
	       3535.32  3874.0236  3873.8224   4.0 1 1 
	       3570.92 3828.85633  3828.3846   4.0 1 1 
	       3591.54 3802.80553   3803.075   4.0 1 1 
	       3658.18 3719.17418  3719.4347   4.0 1 1 
	       3706.15 3659.50145  3659.6294   4.0 1 1 
	function chebyshev
	order 5
	sample *
	naverage 1
	niterate 0
	low_reject 3.
	high_reject 3.
	grow 0.
	coefficients	9
		1.
		5.
		1319.77
		3706.148681640625
		5262.680052514673
		-1631.762678689212
		21.89641764652557
		5.885103126144615
		0.8025561765110136

