# Fri 22:53:58 28-Jun-2019
begin	identify temp_VPH900_SO58_SKY_1_0[50,*]
	id	temp_VPH900_SO58_SKY_1_0
	task	identify
	image	temp_VPH900_SO58_SKY_1_0[50,*]
	units	Angstroms
	features	22
	        318.31 10469.0196   10468.96   4.0 1 1 
	        385.94 10418.3088   10418.36   4.0 1 1 
	        446.49 10372.8645   10372.88   4.0 1 1 
	        777.53 10123.9399   10124.01   4.0 1 1 9-5 P1
	        832.47 10082.5656   10082.47   4.0 1 1 9-5 P1
	       1055.32 9914.63523   9914.673   4.0 1 1 3-0 P1
	       1111.76 9872.08792   9872.137   4.0 1 1 3-0 P1
	       1579.78 9519.37799    9519.37   4.0 1 1 
	       1636.08 9476.99599    9476.83   4.0 1 1 8-4 P1
	       1685.73 9439.63439    9439.66   4.0 1 1 8-4 P1
	       2270.12 9001.39955    9001.33   4.0 1 1 
	       2328.17 8958.07182   8958.084   4.0 1 1 7-3 P1
	       2379.83 8919.55233  8919.6435   4.0 1 1 7-3 P1
	       2425.15 8885.79161    8885.85   4.0 1 1 7-3 P1
	       2993.56  8465.3171  8465.3585   4.0 1 1 6-2 P1
	       3041.48 8430.15801   8430.174   4.0 1 1 6-2 P1
	       3083.85 8399.11343    8399.17   4.0 1 1 6-2 P1
	       3598.07 8025.86312  8025.6662   4.0 1 1 5-1 P1
	       3643.37 7993.32376   7993.332   4.0 1 1 5-1 P1
	       3683.23 7964.74184    7964.65   4.0 1 1 5-1 P1
	       3884.04 7821.48642   7821.503   4.0 1 1 9-4 P1
	       3922.80 7793.98226    7794.12   4.0 1 1 9-4 P1
	function spline3
	order 1
	sample *
	naverage 1
	niterate 0
	low_reject 3.
	high_reject 3.
	grow 0.
	coefficients	8
		3.
		1.
		1.
		4168.999999999999
		2288.881542383554
		1791.129697930584
		1252.875303514091
		817.8237860114798

