# Mon 16:06:13 13-Jul-2020
begin	identify temp_300R_SO58_2_0[50,*]
	id	temp_300R_SO58_2_0
	task	identify
	image	temp_300R_SO58_2_0[50,*]
	units	Angstroms
	features	33
	         78.39 10470.0608 10470.0535   4.0 1 1 ArI
	        334.59 9784.46691  9784.5028   4.0 1 1 ArI
	        381.55 9657.78657  9657.7863   4.0 1 1 ArI
	        493.68 9354.24884  9354.2198   4.0 1 1 ArI
	        541.49 9224.41724  9224.4992   4.0 1 1 ArI
	        578.77 9123.05643  9122.9674   4.0 1 1 ThI
	        745.59 8668.09769  8667.9442   4.0 1 1 ArI
	        799.32 8521.20842  8521.4422   4.0 1 1 ArI
	        834.58 8424.73112  8424.6475   4.0 1 1 ArI
	        840.57 8408.33221  8408.2096   4.0 1 1 ArI
	        893.16 8264.35219  8264.5225   4.0 1 1 ArI
	        947.55 8115.36648   8115.311   4.0 1 1 ArI
	        951.75 8103.86274  8103.6931   4.0 1 1 
	        984.34 8014.56913  8014.7857   4.0 1 1 
	        987.45   8006.057  8006.1567   4.0 1 1 
	       1008.54  7948.2626  7948.1764   4.0 1 1 ArI
	       1090.43 7723.93009  7724.2072   4.0 1 1 ArI
	       1122.81  7635.2482   7635.106   4.0 1 1 ArI
	       1166.84 7514.70653  7514.6518   4.0 1 1 
	       1170.74 7504.04841  7503.8691   4.0 1 1 
	       1214.58 7384.09845  7383.9805   4.0 1 1 ArI
	       1255.33 7272.71616  7272.9359   4.0 1 1 ArI
	       1330.58 7067.33959  7067.2181   4.0 1 1 ArI
	       1368.00 6965.37429  6965.4307   4.0 1 1 ArI
	       1387.92 6911.14557  6911.2264   4.0 1 1 ThI
	       1402.57 6871.30781  6871.2891   4.0 1 1 
	       1479.46 6662.55089  6662.2686   4.0 1 1 
	       1519.53 6554.09191  6554.1603   4.0 1 1 
	       1528.00 6531.20933  6531.3418   4.0 1 1 ThI
	       1555.37  6457.2881  6457.2824   4.0 1 1 
	       1597.91 6342.65482  6342.8594   4.0 1 1 ThI
	       1657.45 6182.78838  6182.6217   4.0 1 1 
	       1816.13 5760.54281  5760.5508   4.0 1 1 ThI
	function chebyshev
	order 6
	sample *
	naverage 1
	niterate 0
	low_reject 3.
	high_reject 3.
	grow 0.
	coefficients	10
		1.
		6.
		78.3865509033203
		1816.134033203125
		8115.226893270657
		-2361.337767396766
		-0.4321580248109981
		6.484244630745898
		0.5070850243472236
		0.09450925286293259

