# Mon 16:55:46 04-Feb-2019
begin	identify temp_300B_NONE_1_0[50,*]
	id	temp_300B_NONE_1_0
	task	identify
	image	temp_300B_NONE_1_0[50,*]
	units	Angstroms
	features	19
	         57.05 8668.40932  8667.9442   4.0 1 1 ArI
	        163.92   8521.339  8521.4422   4.0 1 1 ArI
	        234.08 8424.61795  8424.6475   4.0 1 1 ArI
	        246.02 8408.14234  8408.2096   4.0 1 1 ArI
	        350.11 8264.34607  8264.5225   4.0 1 1 ArI
	        457.96  8115.0404   8115.311   4.0 1 1 ArI
	        466.27 8103.52907  8103.6931   4.0 1 1 
	        530.24 8014.78832  8014.7857   4.0 1 1 
	        536.72 8005.79896  8006.1567   4.0 1 1 
	        578.19  7948.2058  7948.1764   4.0 1 1 ArI
	        739.10 7724.29922  7724.2072   4.0 1 1 ArI
	        802.95 7635.24982   7635.106   4.0 1 1 ArI
	        889.01 7515.03413  7514.6518   4.0 1 1 
	        896.87 7504.04244  7503.8691   4.0 1 1 
	        982.54 7384.15337  7383.9805   4.0 1 1 ArI
	       1061.84 7272.99952  7272.9359   4.0 1 1 ArI
	       1151.52  7147.0794  7147.0415   4.0 1 1 
	       1208.26 7067.29073  7067.2181   4.0 1 1 ArI
	       1280.94 6964.96384  6965.4307   4.0 1 1 ArI
	function chebyshev
	order 3
	sample *
	naverage 1
	niterate 0
	low_reject 3.
	high_reject 3.
	grow 0.
	coefficients	7
		1.
		3.
		57.05363082885741
		1280.935668945313
		7819.313471818992
		-851.7227390285132
		-2.626893150785141

