# Mon 15:30:49 04-Feb-2019
begin	identify temp_VPH650+SY47_1_1[50,*]
	id	temp_VPH650+SY47_1_1
	task	identify
	image	temp_VPH650+SY47_1_1[50,*]
	units	Angstroms
	features	30
	        872.90  7353.2115   7353.293   4.0 1 1 
	       1168.89 7168.87556  7168.8952   4.0 1 1 
	       1304.95 7084.22094   7084.169   4.0 1 1 
	       1391.83 7030.21223  7030.2514   4.0 1 1 
	       1410.63 7018.53103  7018.5675   4.0 1 1 
	       1439.02 7000.89544  7000.8036   4.0 1 1 
	       1456.89 6989.79751  6989.6553   4.0 1 1 
	       1531.13 6943.71598  6943.6105   4.0 1 1 
	       1583.61 6911.16666  6911.2264   4.0 1 1 ThI
	       1647.95 6871.29534  6871.2891   4.0 1 1 
	       1706.81 6834.84923  6834.9246   4.0 1 1 
	       1880.41 6727.57137  6727.4548   4.0 1 1 
	       1986.31 6662.30302  6662.2686   4.0 1 1 
	       2124.76 6577.20042  6577.2146   4.0 1 1 
	       2162.47 6554.06915  6554.1603   4.0 1 1 
	       2199.76 6531.21707  6531.3418   4.0 1 1 ThI
	       2320.81  6457.1905  6457.2824   4.0 1 1 
	       2452.65 6376.85525  6376.9305   4.0 1 1 
	       2486.94 6356.01383  6355.9108   4.0 1 1 
	       2508.79 6342.74527  6342.8594   4.0 1 1 ThI
	       2773.90 6182.53899  6182.6217   4.0 1 1 
	       2794.87 6169.93231  6169.8221   4.0 1 1 
	       3015.73 6037.79445  6037.6975   4.0 1 1 
	       3043.90 6021.02831  6021.0357   4.0 1 1 
	       3089.06 5994.19151  5994.1287   4.0 1 1 
	       3486.24 5760.64774  5760.5508   4.0 1 1 
	       3555.99 5720.12483  5720.1828   4.0 1 1 
	       3787.01 5587.05327  5587.0263   4.0 1 1 
	       3855.17 5548.14313  5548.1758   4.0 1 1 
	       3941.30 5499.21377  5499.2554   4.0 1 1 
	function spline3
	order 1
	sample *
	naverage 1
	niterate 0
	low_reject 3.
	high_reject 3.
	grow 0.
	coefficients	8
		3.
		1.
		1.
		4168.999999999999
		1734.83466156052
		1321.015613085767
		876.0272435562345
		546.0771548238426

