# Tue 16:48:14 05-Feb-2019
begin	identify FCSA-0023425.ch12[100,*]
	id	FCSA-0023425.ch12
	task	identify
	image	FCSA-0023425.ch12[100,*]
	units	Angstroms
	features	17
	        322.09 10470.0561 10470.0535   4.0 1 1 ArI
	       1233.64 9784.50058  9784.5028   4.0 1 1 ArI
	       1401.95 9657.76095  9657.7863   4.0 1 1 ArI
	       1805.55 9354.24619  9354.2198   4.0 1 1 ArI
	       1978.50 9224.49476  9224.4992   4.0 1 1 ArI
	       2114.06 9122.99193  9122.9674   4.0 1 1 ThI
	       2725.60  8667.9689  8667.9442   4.0 1 1 ArI
	       2924.39 8521.38853  8521.4422   4.0 1 1 ArI
	       3056.21 8424.63605  8424.6475   4.0 1 1 ArI
	       3078.67 8408.19152  8408.2096   4.0 1 1 ArI
	       3275.59 8264.50196  8264.5225   4.0 1 1 ArI
	       3481.49 8115.30452   8115.311   4.0 1 1 ArI
	       3621.09 8014.82264  8014.7857   4.0 1 1 
	       3633.11 8006.20137  8006.1567   4.0 1 1 
	       3714.06 7948.23003  7948.1764   4.0 1 1 ArI
	       4029.89 7724.06865  7724.2072   4.0 1 1 ArI
	       4156.51 7635.17336   7635.106   4.0 1 1 ArI
	function chebyshev
	order 5
	sample *
	naverage 1
	niterate 0
	low_reject 3.
	high_reject 3.
	grow 0.
	coefficients	9
		1.
		5.
		322.0894775390625
		4156.513671875
		9040.916508845608
		-1420.957241420429
		11.61498008259628
		3.515890521072347
		0.08322695260019632

