# Wed 12:46:47 17-Jul-2019
begin	identify temp_VPH850_SO58_SKY_1_0[50,*]
	id	temp_VPH850_SO58_SKY_1_0
	task	identify
	image	temp_VPH850_SO58_SKY_1_0[50,*]
	units	Angstroms
	features	34
	        205.83 10469.0324   10468.96   4.0 1 1 
	        248.88 10418.1376   10418.36   4.0 1 1 
	        287.05 10372.9857   10372.88   4.0 1 1 
	        496.91 10124.1611   10124.01   4.0 1 1 9-5 P1
	        532.02 10082.4536   10082.47   4.0 1 1 9-5 P1
	        673.11 9914.61511   9914.673   4.0 1 1 3-0 P1
	        708.80  9872.1063   9872.137   4.0 1 1 3-0 P1
	        964.26 9567.40612    9567.36   4.0 1 1 
	       1004.50 9519.35297    9519.37   4.0 1 1 
	       1040.08 9476.85086    9476.83   4.0 1 1 8-4 P1
	       1071.25 9439.61505    9439.66   4.0 1 1 8-4 P1
	       1437.97 9001.21534    9001.33   4.0 1 1 
	       1474.02 8958.11034   8958.084   4.0 1 1 7-3 P1
	       1506.17 8919.68049  8919.6435   4.0 1 1 7-3 P1
	       1534.47 8885.84472    8885.85   4.0 1 1 7-3 P1
	       1886.69 8465.21811  8465.3585   4.0 1 1 6-2 P1
	       1916.03 8430.22123   8430.174   4.0 1 1 6-2 P1
	       1942.00 8399.26777    8399.17   4.0 1 1 6-2 P1
	       2255.79 8025.90817  8025.6662   4.0 1 1 5-1 P1
	       2283.19 7993.37988   7993.332   4.0 1 1 5-1 P1
	       2307.40 7964.65608    7964.65   4.0 1 1 5-1 P1
	       2428.24 7821.45882   7821.503   4.0 1 1 9-4 P1
	       2451.51 7793.91577    7794.12   4.0 1 1 9-4 P1
	       2680.20 7523.96735  7524.1145   4.0 1 1 8-3 P1
	       2811.67   7369.412  7369.2488   4.0 1 1 8-3 P1
	       2835.97 7340.89064   7340.885   4.0 1 1 8-3 P1
	       2856.90 7316.34642   7316.282   4.0 1 1 8-3 P1
	       3171.87 6948.90402   6948.935   4.0 1 1 7-2 P1
	       3245.30  6863.8252   6863.955   4.0 1 1 7-2 Q1
	       3514.89 6553.71517   6553.617   4.0 1 1 6-1 P1
	       3533.16 6532.83692   6533.044   4.0 1 1 6-1 P1
	       3681.44 6364.11561     6363.8   4.0 1 1 [OI]    AN
	       3737.93 6300.19902     6300.3   4.0 1 1 [OI]    AN
	       4105.21 5889.91647    5889.95   4.0 1 1 Na I   AN
	function spline3
	order 3
	sample *
	naverage 1
	niterate 0
	low_reject 3.
	high_reject 3.
	grow 0.
	coefficients	10
		3.
		3.
		1.
		4168.999999999999
		2054.228152327963
		1786.64839244711
		1509.650596054132
		1232.920624258542
		965.6515013022007
		724.1428398559515

