5343.5812
5499.2554
5548.1758
5587.0263
5720.1828
5760.5508
5994.1287
6021.0357
6037.6975
6169.8221
6182.6217
6342.8594          ThI
6355.9108
6376.9305
6457.2824
6531.3418          ThI
6554.1603
6577.2146
6662.2686
6727.4583
6834.9246
6871.2891
6911.2264          ThI
6943.6105
6965.4307          ArI
6989.6553
7000.8036
7018.5675
7030.2514
7067.2181          ArI
7084.169
7147.0415          ArI
7168.8952
7272.9359          ArI
7383.9805          ArI
7503.8691
7514.6518
7635.1060          ArI
7724.2072          ArI
7948.1764          ArI
8006.1567
