3803.075
3828.3846
3839.6953
3873.8224
3967.3921
4019.1289
4030.8424
4036.0479
4112.7545
4131.7235
4158.5905
4235.4636
4250.3146
4277.5282
4348.064
4426.0011
4481.8107
4493.3337
4545.0519
4579.3495
4609.5673
4657.9012
4673.6609
4703.9898
4726.8683
4735.9058
4764.8646
4778.294
4840.8492
4879.8635
4894.9551
4919.8157
4965.0795
5002.0972
5028.6556
5039.2303
5044.7195
5067.9737
5115.0448
5158.6041
5199.1637
5231.1597
5258.3602
5343.5812
5499.2554
5548.1758
5587.0263
5720.1828
5760.5508
5994.1287
6021.0357
6037.6975
6169.8221
6182.6217
6342.8595
6355.9108
6376.9305
6457.2824
6531.3418
6554.1603
6577.2146
6662.2686
6727.4583
6834.9246
6911.2264
6943.6105
6965.4307
6989.6553
7000.8036
7018.5675
7030.2514
7067.2181
7084.169
7147.0416
7168.8952
7272.9359
7353.293
7383.9805
7503.8691
7514.6518
7549.3138
7635.106
7647.3794
